{
 "cells": [
  {
   "cell_type": "markdown",
   "metadata": {},
   "source": [
    "### Função"
   ]
  },
  {
   "cell_type": "code",
   "execution_count": 2,
   "metadata": {},
   "outputs": [],
   "source": [
    "\n",
    "import os\n",
    "def read_directories(directory, img=None):\n",
    "    # Get a list of filenames in the specified directory\n",
    "    filenames = []\n",
    "    for filename in os.listdir(directory):\n",
    "        if img is not None:\n",
    "            # If 'img' is provided, filter filenames containing it\n",
    "            if img in filename:   \n",
    "                filenames.append(filename)          \n",
    "        else:\n",
    "            filenames.append(filename)    \n",
    "    return filenames"
   ]
  },
  {
   "cell_type": "markdown",
   "metadata": {},
   "source": [
    "### Diretório das imagens"
   ]
  },
  {
   "cell_type": "code",
   "execution_count": 3,
   "metadata": {},
   "outputs": [
    {
     "name": "stdout",
     "output_type": "stream",
     "text": [
      "['mni_csf.nii.gz', 'mni_gm.nii.gz', 'mni_mask.nii.gz', 'mni_ref.nii.gz', 'mni_wm.nii.gz']\n",
      "['IXI002-Guys-0828-T1.nii.gz', 'IXI012-HH-1211-T1.nii.gz', 'IXI013-HH-1212-T1.nii.gz', 'IXI014-HH-1236-T1.nii.gz', 'IXI015-HH-1258-T1.nii.gz']\n",
      "['IXI002-Guys-0828-T1.nii.gz', 'IXI012-HH-1211-T1.nii.gz', 'IXI013-HH-1212-T1.nii.gz', 'IXI014-HH-1236-T1.nii.gz', 'IXI015-HH-1258-T1.nii.gz']\n"
     ]
    }
   ],
   "source": [
    "\n",
    "dir_images_atlas = f'work1/atlas'\n",
    "dir_images_denoising_non_local_means = f'work1/denoising/non_local_means/images_filtered'\n",
    "dir_out_resampled = f'work1/atlas_resampled'\n",
    "dir_atlas_resampled = f'work1/atlas_resampled/IXI002-Guys-0828-T1.nii.gz'\n",
    "\n",
    "\n",
    "array_images_atlas = read_directories(dir_images_atlas)\n",
    "array_images_denoising = read_directories(dir_images_denoising_non_local_means)\n",
    "array_dir_outputs = read_directories(dir_out_resampled)\n",
    "array_dir_atlas_resampled = read_directories(dir_atlas_resampled)\n",
    "\n",
    "\n",
    "print(array_images_atlas)\n",
    "print(array_images_denoising)\n",
    "print(array_dir_outputs)"
   ]
  },
  {
   "cell_type": "code",
   "execution_count": 4,
   "metadata": {},
   "outputs": [
    {
     "name": "stdout",
     "output_type": "stream",
     "text": [
      "work1/atlas_resampled/IXI002-Guys-0828-T1.nii.gz/\n"
     ]
    }
   ],
   "source": [
    "teste = f'{dir_out_resampled}/{array_images_denoising[0]}/'\n",
    "print(teste)"
   ]
  },
  {
   "cell_type": "code",
   "execution_count": 5,
   "metadata": {},
   "outputs": [],
   "source": [
    "import SimpleITK as sitk\n",
    "import numpy as np\n",
    "\n",
    "# Função para reamostrar a imagem, ajustando resolução, tamanho e propriedades\n",
    "def resample_image(itk_image, out_spacing, out_size=None, reference_image=None, is_label=False):\n",
    "    resample = sitk.ResampleImageFilter()\n",
    "\n",
    "    # Define o tamanho e o espaçamento\n",
    "    if reference_image is not None:\n",
    "        # Usa as propriedades da imagem de referência\n",
    "        resample.SetSize(reference_image.GetSize())\n",
    "        resample.SetOutputSpacing(reference_image.GetSpacing())\n",
    "        resample.SetOutputDirection(reference_image.GetDirection())\n",
    "        resample.SetOutputOrigin(reference_image.GetOrigin())\n",
    "    else:\n",
    "        original_spacing = itk_image.GetSpacing()\n",
    "        original_size = itk_image.GetSize()\n",
    "        if out_size is None:\n",
    "            # Calcula o novo tamanho baseado no espaçamento\n",
    "            out_size = [\n",
    "                int(np.round(original_size[0] * (original_spacing[0] / out_spacing[0]))),\n",
    "                int(np.round(original_size[1] * (original_spacing[1] / out_spacing[1]))),\n",
    "                int(np.round(original_size[2] * (original_spacing[2] / out_spacing[2])))\n",
    "            ]\n",
    "        resample.SetSize(out_size)\n",
    "        resample.SetOutputSpacing(out_spacing)\n",
    "        resample.SetOutputDirection(itk_image.GetDirection())\n",
    "        resample.SetOutputOrigin(itk_image.GetOrigin())\n",
    "\n",
    "    # Configurações gerais do filtro\n",
    "    resample.SetTransform(sitk.Transform())\n",
    "    resample.SetDefaultPixelValue(itk_image.GetPixelIDValue())\n",
    "\n",
    "    # Escolhe o interpolador com base no tipo da imagem\n",
    "    if is_label:\n",
    "        resample.SetInterpolator(sitk.sitkNearestNeighbor)\n",
    "    else:\n",
    "        resample.SetInterpolator(sitk.sitkBSpline)\n",
    "\n",
    "    return resample.Execute(itk_image)"
   ]
  },
  {
   "cell_type": "code",
   "execution_count": 6,
   "metadata": {},
   "outputs": [
    {
     "name": "stdout",
     "output_type": "stream",
     "text": [
      "Informação imagem original:\n",
      "Tamanho: (256, 256, 150)\n",
      "Espaçamento: (0.9375, 0.9375, 1.1999969482421875)\n",
      "Origem: (88.639892578125, -116.5320053100586, -112.11355590820312)\n",
      "Direção: (-0.0, 0.0, -1.0, 0.9923758134408762, -0.12324871154522958, 0.0, 0.12324871154522958, 0.9923758134408762, -2.0816681711721685e-16)\n",
      "Informação do atlas:\n",
      "Tamanho: (256, 256, 256)\n",
      "Espaçamento: (1.0, 1.0, 1.0)\n",
      "Origem: (-127.5, -127.5, -127.5)\n",
      "Direção: (1.0, 0.0, 0.0, 0.0, 1.0, 0.0, 0.0, 0.0, 1.0)\n",
      "Informação imagem reamostrada:\n",
      "Tamanho: (256, 256, 150)\n",
      "Espaçamento: (0.9375, 0.9375, 1.1999969482421875)\n",
      "Origem: (88.639892578125, -116.5320053100586, -112.11355590820312)\n",
      "Direção: (-0.0, 0.0, -1.0, 0.9923758134408762, -0.12324871154522958, 0.0, 0.12324871154522958, 0.9923758134408762, -2.0816681711721685e-16)\n",
      "Informação imagem original:\n",
      "Tamanho: (256, 256, 150)\n",
      "Espaçamento: (0.9375, 0.9375, 1.1999969482421875)\n",
      "Origem: (88.639892578125, -116.5320053100586, -112.11355590820312)\n",
      "Direção: (-0.0, 0.0, -1.0, 0.9923758134408762, -0.12324871154522958, 0.0, 0.12324871154522958, 0.9923758134408762, -2.0816681711721685e-16)\n",
      "Informação do atlas:\n",
      "Tamanho: (256, 256, 256)\n",
      "Espaçamento: (1.0, 1.0, 1.0)\n",
      "Origem: (-127.5, -127.5, -127.5)\n",
      "Direção: (1.0, 0.0, 0.0, 0.0, 1.0, 0.0, 0.0, 0.0, 1.0)\n",
      "Informação imagem reamostrada:\n",
      "Tamanho: (256, 256, 150)\n",
      "Espaçamento: (0.9375, 0.9375, 1.1999969482421875)\n",
      "Origem: (88.639892578125, -116.5320053100586, -112.11355590820312)\n",
      "Direção: (-0.0, 0.0, -1.0, 0.9923758134408762, -0.12324871154522958, 0.0, 0.12324871154522958, 0.9923758134408762, -2.0816681711721685e-16)\n",
      "Informação imagem original:\n",
      "Tamanho: (256, 256, 150)\n",
      "Espaçamento: (0.9375, 0.9375, 1.1999969482421875)\n",
      "Origem: (88.639892578125, -116.5320053100586, -112.11355590820312)\n",
      "Direção: (-0.0, 0.0, -1.0, 0.9923758134408762, -0.12324871154522958, 0.0, 0.12324871154522958, 0.9923758134408762, -2.0816681711721685e-16)\n",
      "Informação do atlas:\n",
      "Tamanho: (256, 256, 256)\n",
      "Espaçamento: (1.0, 1.0, 1.0)\n",
      "Origem: (-127.5, -127.5, -127.5)\n",
      "Direção: (1.0, 0.0, 0.0, 0.0, 1.0, 0.0, 0.0, 0.0, 1.0)\n",
      "Informação imagem reamostrada:\n",
      "Tamanho: (256, 256, 150)\n",
      "Espaçamento: (0.9375, 0.9375, 1.1999969482421875)\n",
      "Origem: (88.639892578125, -116.5320053100586, -112.11355590820312)\n",
      "Direção: (-0.0, 0.0, -1.0, 0.9923758134408762, -0.12324871154522958, 0.0, 0.12324871154522958, 0.9923758134408762, -2.0816681711721685e-16)\n",
      "Informação imagem original:\n",
      "Tamanho: (256, 256, 150)\n",
      "Espaçamento: (0.9375, 0.9375, 1.1999969482421875)\n",
      "Origem: (88.639892578125, -116.5320053100586, -112.11355590820312)\n",
      "Direção: (-0.0, 0.0, -1.0, 0.9923758134408762, -0.12324871154522958, 0.0, 0.12324871154522958, 0.9923758134408762, -2.0816681711721685e-16)\n",
      "Informação do atlas:\n",
      "Tamanho: (256, 256, 256)\n",
      "Espaçamento: (1.0, 1.0, 1.0)\n",
      "Origem: (-127.5, -127.5, -127.5)\n",
      "Direção: (1.0, 0.0, 0.0, 0.0, 1.0, 0.0, 0.0, 0.0, 1.0)\n",
      "Informação imagem reamostrada:\n",
      "Tamanho: (256, 256, 150)\n",
      "Espaçamento: (0.9375, 0.9375, 1.1999969482421875)\n",
      "Origem: (88.639892578125, -116.5320053100586, -112.11355590820312)\n",
      "Direção: (-0.0, 0.0, -1.0, 0.9923758134408762, -0.12324871154522958, 0.0, 0.12324871154522958, 0.9923758134408762, -2.0816681711721685e-16)\n",
      "Informação imagem original:\n",
      "Tamanho: (256, 256, 150)\n",
      "Espaçamento: (0.9375, 0.9375, 1.1999969482421875)\n",
      "Origem: (88.639892578125, -116.5320053100586, -112.11355590820312)\n",
      "Direção: (-0.0, 0.0, -1.0, 0.9923758134408762, -0.12324871154522958, 0.0, 0.12324871154522958, 0.9923758134408762, -2.0816681711721685e-16)\n",
      "Informação do atlas:\n",
      "Tamanho: (256, 256, 256)\n",
      "Espaçamento: (1.0, 1.0, 1.0)\n",
      "Origem: (-127.5, -127.5, -127.5)\n",
      "Direção: (1.0, 0.0, 0.0, 0.0, 1.0, 0.0, 0.0, 0.0, 1.0)\n",
      "Informação imagem reamostrada:\n",
      "Tamanho: (256, 256, 150)\n",
      "Espaçamento: (0.9375, 0.9375, 1.1999969482421875)\n",
      "Origem: (88.639892578125, -116.5320053100586, -112.11355590820312)\n",
      "Direção: (-0.0, 0.0, -1.0, 0.9923758134408762, -0.12324871154522958, 0.0, 0.12324871154522958, 0.9923758134408762, -2.0816681711721685e-16)\n",
      "Informação imagem original:\n",
      "Tamanho: (256, 256, 150)\n",
      "Espaçamento: (0.9375, 0.9375, 1.2000035047531128)\n",
      "Origem: (88.56121826171875, -118.76351928710938, -135.79940795898438)\n",
      "Direção: (-0.04475028461544287, 0.07188185978246554, -0.996408756783893, 0.9898837289490212, -0.13123392496763983, -0.053924569586992335, 0.134638832395478, 0.988741955806368, 0.06528192858084583)\n",
      "Informação do atlas:\n",
      "Tamanho: (256, 256, 256)\n",
      "Espaçamento: (1.0, 1.0, 1.0)\n",
      "Origem: (-127.5, -127.5, -127.5)\n",
      "Direção: (1.0, 0.0, 0.0, 0.0, 1.0, 0.0, 0.0, 0.0, 1.0)\n",
      "Informação imagem reamostrada:\n",
      "Tamanho: (256, 256, 150)\n",
      "Espaçamento: (0.9375, 0.9375, 1.2000035047531128)\n",
      "Origem: (88.56121826171875, -118.76351928710938, -135.79940795898438)\n",
      "Direção: (-0.04475028461544287, 0.07188185978246554, -0.996408756783893, 0.9898837289490212, -0.13123392496763983, -0.053924569586992335, 0.134638832395478, 0.988741955806368, 0.06528192858084583)\n",
      "Informação imagem original:\n",
      "Tamanho: (256, 256, 150)\n",
      "Espaçamento: (0.9375, 0.9375, 1.2000035047531128)\n",
      "Origem: (88.56121826171875, -118.76351928710938, -135.79940795898438)\n",
      "Direção: (-0.04475028461544287, 0.07188185978246554, -0.996408756783893, 0.9898837289490212, -0.13123392496763983, -0.053924569586992335, 0.134638832395478, 0.988741955806368, 0.06528192858084583)\n",
      "Informação do atlas:\n",
      "Tamanho: (256, 256, 256)\n",
      "Espaçamento: (1.0, 1.0, 1.0)\n",
      "Origem: (-127.5, -127.5, -127.5)\n",
      "Direção: (1.0, 0.0, 0.0, 0.0, 1.0, 0.0, 0.0, 0.0, 1.0)\n",
      "Informação imagem reamostrada:\n",
      "Tamanho: (256, 256, 150)\n",
      "Espaçamento: (0.9375, 0.9375, 1.2000035047531128)\n",
      "Origem: (88.56121826171875, -118.76351928710938, -135.79940795898438)\n",
      "Direção: (-0.04475028461544287, 0.07188185978246554, -0.996408756783893, 0.9898837289490212, -0.13123392496763983, -0.053924569586992335, 0.134638832395478, 0.988741955806368, 0.06528192858084583)\n",
      "Informação imagem original:\n",
      "Tamanho: (256, 256, 150)\n",
      "Espaçamento: (0.9375, 0.9375, 1.2000035047531128)\n",
      "Origem: (88.56121826171875, -118.76351928710938, -135.79940795898438)\n",
      "Direção: (-0.04475028461544287, 0.07188185978246554, -0.996408756783893, 0.9898837289490212, -0.13123392496763983, -0.053924569586992335, 0.134638832395478, 0.988741955806368, 0.06528192858084583)\n",
      "Informação do atlas:\n",
      "Tamanho: (256, 256, 256)\n",
      "Espaçamento: (1.0, 1.0, 1.0)\n",
      "Origem: (-127.5, -127.5, -127.5)\n",
      "Direção: (1.0, 0.0, 0.0, 0.0, 1.0, 0.0, 0.0, 0.0, 1.0)\n",
      "Informação imagem reamostrada:\n",
      "Tamanho: (256, 256, 150)\n",
      "Espaçamento: (0.9375, 0.9375, 1.2000035047531128)\n",
      "Origem: (88.56121826171875, -118.76351928710938, -135.79940795898438)\n",
      "Direção: (-0.04475028461544287, 0.07188185978246554, -0.996408756783893, 0.9898837289490212, -0.13123392496763983, -0.053924569586992335, 0.134638832395478, 0.988741955806368, 0.06528192858084583)\n",
      "Informação imagem original:\n",
      "Tamanho: (256, 256, 150)\n",
      "Espaçamento: (0.9375, 0.9375, 1.2000035047531128)\n",
      "Origem: (88.56121826171875, -118.76351928710938, -135.79940795898438)\n",
      "Direção: (-0.04475028461544287, 0.07188185978246554, -0.996408756783893, 0.9898837289490212, -0.13123392496763983, -0.053924569586992335, 0.134638832395478, 0.988741955806368, 0.06528192858084583)\n",
      "Informação do atlas:\n",
      "Tamanho: (256, 256, 256)\n",
      "Espaçamento: (1.0, 1.0, 1.0)\n",
      "Origem: (-127.5, -127.5, -127.5)\n",
      "Direção: (1.0, 0.0, 0.0, 0.0, 1.0, 0.0, 0.0, 0.0, 1.0)\n",
      "Informação imagem reamostrada:\n",
      "Tamanho: (256, 256, 150)\n",
      "Espaçamento: (0.9375, 0.9375, 1.2000035047531128)\n",
      "Origem: (88.56121826171875, -118.76351928710938, -135.79940795898438)\n",
      "Direção: (-0.04475028461544287, 0.07188185978246554, -0.996408756783893, 0.9898837289490212, -0.13123392496763983, -0.053924569586992335, 0.134638832395478, 0.988741955806368, 0.06528192858084583)\n",
      "Informação imagem original:\n",
      "Tamanho: (256, 256, 150)\n",
      "Espaçamento: (0.9375, 0.9375, 1.2000035047531128)\n",
      "Origem: (88.56121826171875, -118.76351928710938, -135.79940795898438)\n",
      "Direção: (-0.04475028461544287, 0.07188185978246554, -0.996408756783893, 0.9898837289490212, -0.13123392496763983, -0.053924569586992335, 0.134638832395478, 0.988741955806368, 0.06528192858084583)\n",
      "Informação do atlas:\n",
      "Tamanho: (256, 256, 256)\n",
      "Espaçamento: (1.0, 1.0, 1.0)\n",
      "Origem: (-127.5, -127.5, -127.5)\n",
      "Direção: (1.0, 0.0, 0.0, 0.0, 1.0, 0.0, 0.0, 0.0, 1.0)\n",
      "Informação imagem reamostrada:\n",
      "Tamanho: (256, 256, 150)\n",
      "Espaçamento: (0.9375, 0.9375, 1.2000035047531128)\n",
      "Origem: (88.56121826171875, -118.76351928710938, -135.79940795898438)\n",
      "Direção: (-0.04475028461544287, 0.07188185978246554, -0.996408756783893, 0.9898837289490212, -0.13123392496763983, -0.053924569586992335, 0.134638832395478, 0.988741955806368, 0.06528192858084583)\n",
      "Informação imagem original:\n",
      "Tamanho: (256, 256, 150)\n",
      "Espaçamento: (0.9375, 0.9375, 1.199999213218689)\n",
      "Origem: (75.05692291259766, -117.19297790527344, -136.72198486328125)\n",
      "Direção: (0.007043587028492914, 0.09808189828465823, -0.9951534195148464, 0.9908514462278203, -0.13481116239247942, -0.006273793291542448, 0.1347731404620712, 0.9860050160740901, 0.09813414872328183)\n",
      "Informação do atlas:\n",
      "Tamanho: (256, 256, 256)\n",
      "Espaçamento: (1.0, 1.0, 1.0)\n",
      "Origem: (-127.5, -127.5, -127.5)\n",
      "Direção: (1.0, 0.0, 0.0, 0.0, 1.0, 0.0, 0.0, 0.0, 1.0)\n",
      "Informação imagem reamostrada:\n",
      "Tamanho: (256, 256, 150)\n",
      "Espaçamento: (0.9375, 0.9375, 1.199999213218689)\n",
      "Origem: (75.05692291259766, -117.19297790527344, -136.72198486328125)\n",
      "Direção: (0.007043587028492914, 0.09808189828465823, -0.9951534195148464, 0.9908514462278203, -0.13481116239247942, -0.006273793291542448, 0.1347731404620712, 0.9860050160740901, 0.09813414872328183)\n",
      "Informação imagem original:\n",
      "Tamanho: (256, 256, 150)\n",
      "Espaçamento: (0.9375, 0.9375, 1.199999213218689)\n",
      "Origem: (75.05692291259766, -117.19297790527344, -136.72198486328125)\n",
      "Direção: (0.007043587028492914, 0.09808189828465823, -0.9951534195148464, 0.9908514462278203, -0.13481116239247942, -0.006273793291542448, 0.1347731404620712, 0.9860050160740901, 0.09813414872328183)\n",
      "Informação do atlas:\n",
      "Tamanho: (256, 256, 256)\n",
      "Espaçamento: (1.0, 1.0, 1.0)\n",
      "Origem: (-127.5, -127.5, -127.5)\n",
      "Direção: (1.0, 0.0, 0.0, 0.0, 1.0, 0.0, 0.0, 0.0, 1.0)\n",
      "Informação imagem reamostrada:\n",
      "Tamanho: (256, 256, 150)\n",
      "Espaçamento: (0.9375, 0.9375, 1.199999213218689)\n",
      "Origem: (75.05692291259766, -117.19297790527344, -136.72198486328125)\n",
      "Direção: (0.007043587028492914, 0.09808189828465823, -0.9951534195148464, 0.9908514462278203, -0.13481116239247942, -0.006273793291542448, 0.1347731404620712, 0.9860050160740901, 0.09813414872328183)\n",
      "Informação imagem original:\n",
      "Tamanho: (256, 256, 150)\n",
      "Espaçamento: (0.9375, 0.9375, 1.199999213218689)\n",
      "Origem: (75.05692291259766, -117.19297790527344, -136.72198486328125)\n",
      "Direção: (0.007043587028492914, 0.09808189828465823, -0.9951534195148464, 0.9908514462278203, -0.13481116239247942, -0.006273793291542448, 0.1347731404620712, 0.9860050160740901, 0.09813414872328183)\n",
      "Informação do atlas:\n",
      "Tamanho: (256, 256, 256)\n",
      "Espaçamento: (1.0, 1.0, 1.0)\n",
      "Origem: (-127.5, -127.5, -127.5)\n",
      "Direção: (1.0, 0.0, 0.0, 0.0, 1.0, 0.0, 0.0, 0.0, 1.0)\n",
      "Informação imagem reamostrada:\n",
      "Tamanho: (256, 256, 150)\n",
      "Espaçamento: (0.9375, 0.9375, 1.199999213218689)\n",
      "Origem: (75.05692291259766, -117.19297790527344, -136.72198486328125)\n",
      "Direção: (0.007043587028492914, 0.09808189828465823, -0.9951534195148464, 0.9908514462278203, -0.13481116239247942, -0.006273793291542448, 0.1347731404620712, 0.9860050160740901, 0.09813414872328183)\n",
      "Informação imagem original:\n",
      "Tamanho: (256, 256, 150)\n",
      "Espaçamento: (0.9375, 0.9375, 1.199999213218689)\n",
      "Origem: (75.05692291259766, -117.19297790527344, -136.72198486328125)\n",
      "Direção: (0.007043587028492914, 0.09808189828465823, -0.9951534195148464, 0.9908514462278203, -0.13481116239247942, -0.006273793291542448, 0.1347731404620712, 0.9860050160740901, 0.09813414872328183)\n",
      "Informação do atlas:\n",
      "Tamanho: (256, 256, 256)\n",
      "Espaçamento: (1.0, 1.0, 1.0)\n",
      "Origem: (-127.5, -127.5, -127.5)\n",
      "Direção: (1.0, 0.0, 0.0, 0.0, 1.0, 0.0, 0.0, 0.0, 1.0)\n",
      "Informação imagem reamostrada:\n",
      "Tamanho: (256, 256, 150)\n",
      "Espaçamento: (0.9375, 0.9375, 1.199999213218689)\n",
      "Origem: (75.05692291259766, -117.19297790527344, -136.72198486328125)\n",
      "Direção: (0.007043587028492914, 0.09808189828465823, -0.9951534195148464, 0.9908514462278203, -0.13481116239247942, -0.006273793291542448, 0.1347731404620712, 0.9860050160740901, 0.09813414872328183)\n",
      "Informação imagem original:\n",
      "Tamanho: (256, 256, 150)\n",
      "Espaçamento: (0.9375, 0.9375, 1.199999213218689)\n",
      "Origem: (75.05692291259766, -117.19297790527344, -136.72198486328125)\n",
      "Direção: (0.007043587028492914, 0.09808189828465823, -0.9951534195148464, 0.9908514462278203, -0.13481116239247942, -0.006273793291542448, 0.1347731404620712, 0.9860050160740901, 0.09813414872328183)\n",
      "Informação do atlas:\n",
      "Tamanho: (256, 256, 256)\n",
      "Espaçamento: (1.0, 1.0, 1.0)\n",
      "Origem: (-127.5, -127.5, -127.5)\n",
      "Direção: (1.0, 0.0, 0.0, 0.0, 1.0, 0.0, 0.0, 0.0, 1.0)\n",
      "Informação imagem reamostrada:\n",
      "Tamanho: (256, 256, 150)\n",
      "Espaçamento: (0.9375, 0.9375, 1.199999213218689)\n",
      "Origem: (75.05692291259766, -117.19297790527344, -136.72198486328125)\n",
      "Direção: (0.007043587028492914, 0.09808189828465823, -0.9951534195148464, 0.9908514462278203, -0.13481116239247942, -0.006273793291542448, 0.1347731404620712, 0.9860050160740901, 0.09813414872328183)\n",
      "Informação imagem original:\n",
      "Tamanho: (256, 256, 150)\n",
      "Espaçamento: (0.9375, 0.9375, 1.2000001668930054)\n",
      "Origem: (89.98081970214844, -117.73051452636719, -121.5695571899414)\n",
      "Direção: (-0.016073072699400417, 0.015986901021473016, -0.9997430046526702, 0.9910834475780016, -0.13201508929304473, -0.01804490633139505, 0.13226963472733386, 0.9911187795590795, 0.013722463464773803)\n",
      "Informação do atlas:\n",
      "Tamanho: (256, 256, 256)\n",
      "Espaçamento: (1.0, 1.0, 1.0)\n",
      "Origem: (-127.5, -127.5, -127.5)\n",
      "Direção: (1.0, 0.0, 0.0, 0.0, 1.0, 0.0, 0.0, 0.0, 1.0)\n",
      "Informação imagem reamostrada:\n",
      "Tamanho: (256, 256, 150)\n",
      "Espaçamento: (0.9375, 0.9375, 1.2000001668930054)\n",
      "Origem: (89.98081970214844, -117.73051452636719, -121.5695571899414)\n",
      "Direção: (-0.016073072699400417, 0.015986901021473016, -0.9997430046526702, 0.9910834475780016, -0.13201508929304473, -0.01804490633139505, 0.13226963472733386, 0.9911187795590795, 0.013722463464773803)\n",
      "Informação imagem original:\n",
      "Tamanho: (256, 256, 150)\n",
      "Espaçamento: (0.9375, 0.9375, 1.2000001668930054)\n",
      "Origem: (89.98081970214844, -117.73051452636719, -121.5695571899414)\n",
      "Direção: (-0.016073072699400417, 0.015986901021473016, -0.9997430046526702, 0.9910834475780016, -0.13201508929304473, -0.01804490633139505, 0.13226963472733386, 0.9911187795590795, 0.013722463464773803)\n",
      "Informação do atlas:\n",
      "Tamanho: (256, 256, 256)\n",
      "Espaçamento: (1.0, 1.0, 1.0)\n",
      "Origem: (-127.5, -127.5, -127.5)\n",
      "Direção: (1.0, 0.0, 0.0, 0.0, 1.0, 0.0, 0.0, 0.0, 1.0)\n",
      "Informação imagem reamostrada:\n",
      "Tamanho: (256, 256, 150)\n",
      "Espaçamento: (0.9375, 0.9375, 1.2000001668930054)\n",
      "Origem: (89.98081970214844, -117.73051452636719, -121.5695571899414)\n",
      "Direção: (-0.016073072699400417, 0.015986901021473016, -0.9997430046526702, 0.9910834475780016, -0.13201508929304473, -0.01804490633139505, 0.13226963472733386, 0.9911187795590795, 0.013722463464773803)\n",
      "Informação imagem original:\n",
      "Tamanho: (256, 256, 150)\n",
      "Espaçamento: (0.9375, 0.9375, 1.2000001668930054)\n",
      "Origem: (89.98081970214844, -117.73051452636719, -121.5695571899414)\n",
      "Direção: (-0.016073072699400417, 0.015986901021473016, -0.9997430046526702, 0.9910834475780016, -0.13201508929304473, -0.01804490633139505, 0.13226963472733386, 0.9911187795590795, 0.013722463464773803)\n",
      "Informação do atlas:\n",
      "Tamanho: (256, 256, 256)\n",
      "Espaçamento: (1.0, 1.0, 1.0)\n",
      "Origem: (-127.5, -127.5, -127.5)\n",
      "Direção: (1.0, 0.0, 0.0, 0.0, 1.0, 0.0, 0.0, 0.0, 1.0)\n",
      "Informação imagem reamostrada:\n",
      "Tamanho: (256, 256, 150)\n",
      "Espaçamento: (0.9375, 0.9375, 1.2000001668930054)\n",
      "Origem: (89.98081970214844, -117.73051452636719, -121.5695571899414)\n",
      "Direção: (-0.016073072699400417, 0.015986901021473016, -0.9997430046526702, 0.9910834475780016, -0.13201508929304473, -0.01804490633139505, 0.13226963472733386, 0.9911187795590795, 0.013722463464773803)\n",
      "Informação imagem original:\n",
      "Tamanho: (256, 256, 150)\n",
      "Espaçamento: (0.9375, 0.9375, 1.2000001668930054)\n",
      "Origem: (89.98081970214844, -117.73051452636719, -121.5695571899414)\n",
      "Direção: (-0.016073072699400417, 0.015986901021473016, -0.9997430046526702, 0.9910834475780016, -0.13201508929304473, -0.01804490633139505, 0.13226963472733386, 0.9911187795590795, 0.013722463464773803)\n",
      "Informação do atlas:\n",
      "Tamanho: (256, 256, 256)\n",
      "Espaçamento: (1.0, 1.0, 1.0)\n",
      "Origem: (-127.5, -127.5, -127.5)\n",
      "Direção: (1.0, 0.0, 0.0, 0.0, 1.0, 0.0, 0.0, 0.0, 1.0)\n",
      "Informação imagem reamostrada:\n",
      "Tamanho: (256, 256, 150)\n",
      "Espaçamento: (0.9375, 0.9375, 1.2000001668930054)\n",
      "Origem: (89.98081970214844, -117.73051452636719, -121.5695571899414)\n",
      "Direção: (-0.016073072699400417, 0.015986901021473016, -0.9997430046526702, 0.9910834475780016, -0.13201508929304473, -0.01804490633139505, 0.13226963472733386, 0.9911187795590795, 0.013722463464773803)\n",
      "Informação imagem original:\n",
      "Tamanho: (256, 256, 150)\n",
      "Espaçamento: (0.9375, 0.9375, 1.2000001668930054)\n",
      "Origem: (89.98081970214844, -117.73051452636719, -121.5695571899414)\n",
      "Direção: (-0.016073072699400417, 0.015986901021473016, -0.9997430046526702, 0.9910834475780016, -0.13201508929304473, -0.01804490633139505, 0.13226963472733386, 0.9911187795590795, 0.013722463464773803)\n",
      "Informação do atlas:\n",
      "Tamanho: (256, 256, 256)\n",
      "Espaçamento: (1.0, 1.0, 1.0)\n",
      "Origem: (-127.5, -127.5, -127.5)\n",
      "Direção: (1.0, 0.0, 0.0, 0.0, 1.0, 0.0, 0.0, 0.0, 1.0)\n",
      "Informação imagem reamostrada:\n",
      "Tamanho: (256, 256, 150)\n",
      "Espaçamento: (0.9375, 0.9375, 1.2000001668930054)\n",
      "Origem: (89.98081970214844, -117.73051452636719, -121.5695571899414)\n",
      "Direção: (-0.016073072699400417, 0.015986901021473016, -0.9997430046526702, 0.9910834475780016, -0.13201508929304473, -0.01804490633139505, 0.13226963472733386, 0.9911187795590795, 0.013722463464773803)\n",
      "Informação imagem original:\n",
      "Tamanho: (256, 256, 150)\n",
      "Espaçamento: (0.9375, 0.9375, 1.2000032663345337)\n",
      "Origem: (93.27156066894531, -121.66121673583984, -120.83354187011719)\n",
      "Direção: (-0.046726853219092895, 0.014266363393699216, -0.9988058231234286, 0.9901244179846752, -0.13164458713379548, -0.048201046017015116, 0.13217502827217306, 0.9911943167481801, 0.007974136793140758)\n",
      "Informação do atlas:\n",
      "Tamanho: (256, 256, 256)\n",
      "Espaçamento: (1.0, 1.0, 1.0)\n",
      "Origem: (-127.5, -127.5, -127.5)\n",
      "Direção: (1.0, 0.0, 0.0, 0.0, 1.0, 0.0, 0.0, 0.0, 1.0)\n",
      "Informação imagem reamostrada:\n",
      "Tamanho: (256, 256, 150)\n",
      "Espaçamento: (0.9375, 0.9375, 1.2000032663345337)\n",
      "Origem: (93.27156066894531, -121.66121673583984, -120.83354187011719)\n",
      "Direção: (-0.046726853219092895, 0.014266363393699216, -0.9988058231234286, 0.9901244179846752, -0.13164458713379548, -0.048201046017015116, 0.13217502827217306, 0.9911943167481801, 0.007974136793140758)\n",
      "Informação imagem original:\n",
      "Tamanho: (256, 256, 150)\n",
      "Espaçamento: (0.9375, 0.9375, 1.2000032663345337)\n",
      "Origem: (93.27156066894531, -121.66121673583984, -120.83354187011719)\n",
      "Direção: (-0.046726853219092895, 0.014266363393699216, -0.9988058231234286, 0.9901244179846752, -0.13164458713379548, -0.048201046017015116, 0.13217502827217306, 0.9911943167481801, 0.007974136793140758)\n",
      "Informação do atlas:\n",
      "Tamanho: (256, 256, 256)\n",
      "Espaçamento: (1.0, 1.0, 1.0)\n",
      "Origem: (-127.5, -127.5, -127.5)\n",
      "Direção: (1.0, 0.0, 0.0, 0.0, 1.0, 0.0, 0.0, 0.0, 1.0)\n",
      "Informação imagem reamostrada:\n",
      "Tamanho: (256, 256, 150)\n",
      "Espaçamento: (0.9375, 0.9375, 1.2000032663345337)\n",
      "Origem: (93.27156066894531, -121.66121673583984, -120.83354187011719)\n",
      "Direção: (-0.046726853219092895, 0.014266363393699216, -0.9988058231234286, 0.9901244179846752, -0.13164458713379548, -0.048201046017015116, 0.13217502827217306, 0.9911943167481801, 0.007974136793140758)\n",
      "Informação imagem original:\n",
      "Tamanho: (256, 256, 150)\n",
      "Espaçamento: (0.9375, 0.9375, 1.2000032663345337)\n",
      "Origem: (93.27156066894531, -121.66121673583984, -120.83354187011719)\n",
      "Direção: (-0.046726853219092895, 0.014266363393699216, -0.9988058231234286, 0.9901244179846752, -0.13164458713379548, -0.048201046017015116, 0.13217502827217306, 0.9911943167481801, 0.007974136793140758)\n",
      "Informação do atlas:\n",
      "Tamanho: (256, 256, 256)\n",
      "Espaçamento: (1.0, 1.0, 1.0)\n",
      "Origem: (-127.5, -127.5, -127.5)\n",
      "Direção: (1.0, 0.0, 0.0, 0.0, 1.0, 0.0, 0.0, 0.0, 1.0)\n",
      "Informação imagem reamostrada:\n",
      "Tamanho: (256, 256, 150)\n",
      "Espaçamento: (0.9375, 0.9375, 1.2000032663345337)\n",
      "Origem: (93.27156066894531, -121.66121673583984, -120.83354187011719)\n",
      "Direção: (-0.046726853219092895, 0.014266363393699216, -0.9988058231234286, 0.9901244179846752, -0.13164458713379548, -0.048201046017015116, 0.13217502827217306, 0.9911943167481801, 0.007974136793140758)\n",
      "Informação imagem original:\n",
      "Tamanho: (256, 256, 150)\n",
      "Espaçamento: (0.9375, 0.9375, 1.2000032663345337)\n",
      "Origem: (93.27156066894531, -121.66121673583984, -120.83354187011719)\n",
      "Direção: (-0.046726853219092895, 0.014266363393699216, -0.9988058231234286, 0.9901244179846752, -0.13164458713379548, -0.048201046017015116, 0.13217502827217306, 0.9911943167481801, 0.007974136793140758)\n",
      "Informação do atlas:\n",
      "Tamanho: (256, 256, 256)\n",
      "Espaçamento: (1.0, 1.0, 1.0)\n",
      "Origem: (-127.5, -127.5, -127.5)\n",
      "Direção: (1.0, 0.0, 0.0, 0.0, 1.0, 0.0, 0.0, 0.0, 1.0)\n",
      "Informação imagem reamostrada:\n",
      "Tamanho: (256, 256, 150)\n",
      "Espaçamento: (0.9375, 0.9375, 1.2000032663345337)\n",
      "Origem: (93.27156066894531, -121.66121673583984, -120.83354187011719)\n",
      "Direção: (-0.046726853219092895, 0.014266363393699216, -0.9988058231234286, 0.9901244179846752, -0.13164458713379548, -0.048201046017015116, 0.13217502827217306, 0.9911943167481801, 0.007974136793140758)\n",
      "Informação imagem original:\n",
      "Tamanho: (256, 256, 150)\n",
      "Espaçamento: (0.9375, 0.9375, 1.2000032663345337)\n",
      "Origem: (93.27156066894531, -121.66121673583984, -120.83354187011719)\n",
      "Direção: (-0.046726853219092895, 0.014266363393699216, -0.9988058231234286, 0.9901244179846752, -0.13164458713379548, -0.048201046017015116, 0.13217502827217306, 0.9911943167481801, 0.007974136793140758)\n",
      "Informação do atlas:\n",
      "Tamanho: (256, 256, 256)\n",
      "Espaçamento: (1.0, 1.0, 1.0)\n",
      "Origem: (-127.5, -127.5, -127.5)\n",
      "Direção: (1.0, 0.0, 0.0, 0.0, 1.0, 0.0, 0.0, 0.0, 1.0)\n",
      "Informação imagem reamostrada:\n",
      "Tamanho: (256, 256, 150)\n",
      "Espaçamento: (0.9375, 0.9375, 1.2000032663345337)\n",
      "Origem: (93.27156066894531, -121.66121673583984, -120.83354187011719)\n",
      "Direção: (-0.046726853219092895, 0.014266363393699216, -0.9988058231234286, 0.9901244179846752, -0.13164458713379548, -0.048201046017015116, 0.13217502827217306, 0.9911943167481801, 0.007974136793140758)\n"
     ]
    }
   ],
   "source": [
    "# Programa principal\n",
    "for img_reference in array_images_denoising:\n",
    "    reader = sitk.ImageFileReader()\n",
    "    reader.SetFileName(f'{dir_images_denoising_non_local_means}/{img_reference}')\n",
    "    img = reader.Execute()\n",
    "    dir_output = f'{dir_out_resampled}/{img_reference}/'\n",
    "\n",
    "    for atlas in array_images_atlas:\n",
    "\n",
    "        reader = sitk.ImageFileReader()\n",
    "        reader.SetFileName(f'{dir_images_atlas}/{atlas}')\n",
    "        img_atlas = reader.Execute()\n",
    "\n",
    "        print(\"Informação imagem original:\")\n",
    "        print(f\"Tamanho: {img.GetSize()}\")\n",
    "        print(f\"Espaçamento: {img.GetSpacing()}\")\n",
    "        print(f\"Origem: {img.GetOrigin()}\")\n",
    "        print(f\"Direção: {img.GetDirection()}\")\n",
    "\n",
    "        print(\"Informação do atlas:\")\n",
    "        print(f\"Tamanho: {img_atlas.GetSize()}\")\n",
    "        print(f\"Espaçamento: {img_atlas.GetSpacing()}\")\n",
    "        print(f\"Origem: {img_atlas.GetOrigin()}\")\n",
    "        print(f\"Direção: {img_atlas.GetDirection()}\")\n",
    "\n",
    "\n",
    "        # Reamostra o atlas para coincidir com a imagem original\n",
    "        img_resampled = resample_image(img_atlas, out_spacing=img.GetSpacing(), reference_image=img)\n",
    "\n",
    "        print(\"Informação imagem reamostrada:\")\n",
    "        print(f\"Tamanho: {img_resampled.GetSize()}\")\n",
    "        print(f\"Espaçamento: {img_resampled.GetSpacing()}\")\n",
    "        print(f\"Origem: {img_resampled.GetOrigin()}\")\n",
    "        print(f\"Direção: {img_resampled.GetDirection()}\")\n",
    "\n",
    "\n",
    "        # Salva a imagem reamostrada\n",
    "        writer = sitk.ImageFileWriter()\n",
    "        writer.SetFileName(f\"{dir_output}/{atlas}\")\n",
    "        writer.Execute(img_resampled)"
   ]
  },
  {
   "cell_type": "markdown",
   "metadata": {},
   "source": [
    "## Alinhamento"
   ]
  },
  {
   "cell_type": "code",
   "execution_count": 11,
   "metadata": {},
   "outputs": [],
   "source": [
    "%matplotlib inline\n",
    "import matplotlib.pyplot as plt\n",
    "\n",
    "from ipywidgets import interact, fixed\n",
    "from IPython.display import clear_output\n",
    "\n",
    "# Callback invoked by the interact IPython method for scrolling through the image stacks of\n",
    "# the two images (moving and fixed).\n",
    "def display_images(fixed_image_z, moving_image_z, fixed_npa, moving_npa):\n",
    "    # Create a figure with two subplots and the specified size.\n",
    "    plt.subplots(1,2,figsize=(10,8))\n",
    "    \n",
    "    # Draw the fixed image in the first subplot.\n",
    "    plt.subplot(1,2,1)\n",
    "    plt.imshow(fixed_npa[fixed_image_z,:,:],cmap=plt.cm.Greys_r);\n",
    "    plt.title('fixed image')\n",
    "    plt.axis('off')\n",
    "    \n",
    "    # Draw the moving image in the second subplot.\n",
    "    plt.subplot(1,2,2)\n",
    "    plt.imshow(moving_npa[moving_image_z,:,:],cmap=plt.cm.Greys_r);\n",
    "    plt.title('moving image')\n",
    "    plt.axis('off')\n",
    "    \n",
    "    plt.show()\n",
    "\n",
    "# Callback invoked by the IPython interact method for scrolling and modifying the alpha blending\n",
    "# of an image stack of two images that occupy the same physical space. \n",
    "def display_images_with_alpha(image_z, alpha, fixed, moving):\n",
    "    img = (1.0 - alpha)*fixed[:,:,image_z] + alpha*moving[:,:,image_z] \n",
    "    plt.imshow(sitk.GetArrayViewFromImage(img),cmap=plt.cm.Greys_r);\n",
    "    plt.axis('off')\n",
    "    plt.show()\n",
    "    \n",
    "# Callback invoked when the StartEvent happens, sets up our new data.\n",
    "def start_plot():\n",
    "    global metric_values, multires_iterations\n",
    "    \n",
    "    metric_values = []\n",
    "    multires_iterations = []\n",
    "\n",
    "# Callback invoked when the EndEvent happens, do cleanup of data and figure.\n",
    "def end_plot():\n",
    "    global metric_values, multires_iterations\n",
    "    \n",
    "    del metric_values\n",
    "    del multires_iterations\n",
    "    # Close figure, we don't want to get a duplicate of the plot latter on.\n",
    "    plt.close()\n",
    "\n",
    "# Callback invoked when the IterationEvent happens, update our data and display new figure.\n",
    "def plot_values(registration_method):\n",
    "    global metric_values, multires_iterations\n",
    "    \n",
    "    metric_values.append(registration_method.GetMetricValue())                                       \n",
    "    # Clear the output area (wait=True, to reduce flickering), and plot current data\n",
    "    clear_output(wait=True)\n",
    "    # Plot the similarity metric values\n",
    "    plt.plot(metric_values, 'r')\n",
    "    plt.plot(multires_iterations, [metric_values[index] for index in multires_iterations], 'b*')\n",
    "    plt.xlabel('Iteration Number',fontsize=12)\n",
    "    plt.ylabel('Metric Value',fontsize=12)\n",
    "    plt.show()\n",
    "    \n",
    "# Callback invoked when the sitkMultiResolutionIterationEvent happens, update the index into the \n",
    "# metric_values list. \n",
    "def update_multires_iterations():\n",
    "    global metric_values, multires_iterations\n",
    "    multires_iterations.append(len(metric_values))"
   ]
  },
  {
   "cell_type": "code",
   "execution_count": null,
   "metadata": {},
   "outputs": [],
   "source": [
    "#\n",
    "# Convertendo para a imagem para float32 para permitir o corregistro \n",
    "#\n",
    "# Uma maneira de evitar problemas é ler as imagens como floats 32bits, processá-las e depois\n",
    "# salvá-las como signed integer 16bits\n",
    "#\n",
    "# fixed  = sitk.ReadImage(sys.argv[1], sitk.sitkFloat32)\n",
    "# moving = sitk.ReadImage(sys.argv[2], sitk.sitkFloat32)\n",
    "#\n",
    "fix_img_f32 = sitk.Cast(fix_img, sitk.sitkFloat32)\n",
    "mov_img_f32 = sitk.Cast(mov_img, sitk.sitkFloat32)\n",
    "\n",
    "#\n",
    "# inicialização baseada em translação, alinha os centros geométricos das imagens \n",
    "# ou os centros de massa baseados na intensidade dos conteúdos da imagem. \n",
    "#\n",
    "initial_transform = sitk.CenteredTransformInitializer( fix_img_f32, \n",
    "                                                       mov_img_f32, \n",
    "                                                       sitk.Euler3DTransform(), \n",
    "                                                       sitk.CenteredTransformInitializerFilter.MOMENTS )\n",
    "\n",
    "mov_resampled = sitk.Resample( mov_img_f32, fix_img_f32, \n",
    "                               initial_transform, \n",
    "                               sitk.sitkLinear, \n",
    "                               0.0, \n",
    "                               mov_img_f32.GetPixelID() )\n",
    "\n",
    "interact( display_images_with_alpha, \n",
    "          image_z = (0,fix_img_f32.GetSize()[2]-1), \n",
    "          alpha   = (0.0,1.0,0.05), \n",
    "          fixed   = fixed(fix_img_f32), \n",
    "          moving  = fixed(mov_resampled) );"
   ]
  },
  {
   "cell_type": "code",
   "execution_count": 12,
   "metadata": {},
   "outputs": [
    {
     "name": "stdout",
     "output_type": "stream",
     "text": [
      "Informação imagem fixa:\n",
      "Tamanho: (256, 256, 150)\n",
      "Espaçamento: (0.9375, 0.9375, 1.1999969482421875)\n",
      "Origem: (88.639892578125, -116.5320053100586, -112.11355590820312)\n",
      "Direção: (-0.0, 0.0, -1.0, 0.9923758134408762, -0.12324871154522958, 0.0, 0.12324871154522958, 0.9923758134408762, -2.0816681711721685e-16)\n",
      "**************************\n",
      "\n",
      "Informação imagem movel:\n",
      "Tamanho: (256, 256, 150)\n",
      "Espaçamento: (0.9375, 0.9375, 1.1999969482421875)\n",
      "Origem: (88.639892578125, -116.5320053100586, -112.11355590820312)\n",
      "Direção: (-1.2828147156137061e-17, -1.0328985811637408e-16, -1.0, 0.9923758134408762, -0.12324871154522958, 0.0, 0.12324871154522958, 0.9923758134408762, -1.0408340855860843e-16)\n",
      "**************************\n",
      "\n"
     ]
    }
   ],
   "source": [
    "path_fix = f'work1/denoising/non_local_means/images_filtered/IXI002-Guys-0828-T1.nii.gz'\n",
    "path_mov = f'work1/atlas_resampled/IXI002-Guys-0828-T1.nii.gz/mni_csf.nii.gz'\n",
    "\n",
    "reader = sitk.ImageFileReader()\n",
    "reader.SetFileName(f'{path_fix}')\n",
    "img_fix = reader.Execute()\n",
    "\n",
    "reader = sitk.ImageFileReader()\n",
    "reader.SetFileName(f'{path_mov}')\n",
    "img_mov = reader.Execute()\n",
    "\n",
